44.85863065780418;24.869071550239386
44.858054928291516;24.869025771449174
44.85889296275112;24.86802603320256
44.85957965248708;24.868736148042743
44.859111429201285;24.8679458755671
44.8600675103484;24.86721510305779
44.860818480496135;24.867103015163423
44.86137197700258;24.867815800804063
44.860414608800035;24.868152790366935
44.86026784489043;24.867828926806276
44.86115360749313;24.86697404356679
44.86206230809967;24.866436710619283
44.8628912685795;24.867415917012146
44.86293885165116;24.867117867959344
44.86200089520754;24.86765327022274
44.86156410134917;24.8669405726486
44.86214451870447;24.865989274076888
44.86137383194235;24.86632007544043
44.86177524323625;24.867116885409086